Sample	Group	Sex	Age	Smoking	Nodules	rs10743776	rs10924947	rs11054953	rs16894446	rs17038564	rs17076442	rs1965950	rs2386983	rs3769821	rs4236709	rs4408120	rs55781567	rs56113850	rs6010259	rs7019378	rs7551512	rs78547837	rs78802506	rs80040741	rs8112254	rs9548755	rs9568547
1845203	1	2	44	0	1	0	0	0	1	1	1	0	1	0	1	0	0	0	0	0	0	0	0	0	1	0	0
1856600	1	1	50	0	0	0	0	2	1	0	0	0	0	0	0	0	0	0	0	0	1	0	1	0	0	1	0
1859312	1	1	62	2	0	NA	0	1	0	1	0	0	0	0	2	0	0	0	0	0	0	0	0	0	0	0	0
1859426	1	1	61	2	1	0	0	2	0	2	0	0	0	1	1	0	0	2	0	0	0	0	1	1	0	0	1
1859643	1	2	75	0	1	1	0	1	0	0	0	1	1	1	0	0	0	0	0	1	0	0	0	0	1	1	0
1860491	1	1	75	0	0	0	1	2	1	0	0	1	0	1	0	0	0	0	0	2	1	0	0	0	0	1	0
1860562	1	2	78	0	0	1	0	0	0	1	0	0	1	0	0	1	0	2	0	0	0	1	0	1	1	0	0
1862769	1	2	53	0	1	1	1	1	0	0	1	1	2	1	0	0	0	0	0	1	1	1	2	1	2	0	1
1863311	1	2	45	0	0	1	0	1	0	0	1	0	0	0	0	0	0	2	NA	0	0	0	0	0	0	0	0
1863495	1	2	52	0	0	NA	1	0	0	2	0	1	0	2	1	0	0	2	1	1	1	0	1	0	0	0	0
1863657	1	1	52	0	1	0	1	1	0	1	0	0	0	0	0	0	0	0	0	1	1	0	0	0	0	0	0
1873546	1	1	62	0	0	2	0	0	1	1	0	0	1	2	0	0	0	0	0	1	0	0	1	0	1	0	0
1882834	1	1	77	0	0	0	0	0	2	0	0	0	1	0	0	0	0	1	1	0	0	0	0	1	1	0	1
1887774	1	1	44	0	1	0	1	1	0	0	0	1	0	1	0	0	0	1	0	0	1	0	0	0	0	0	0
1888667	1	1	74	0	1	0	0	1	1	0	0	1	0	0	0	0	0	1	0	2	0	0	0	0	0	0	0
1891581	1	2	50	0	1	0	0	1	0	0	0	0	0	0	0	0	0	2	0	0	0	0	1	1	0	1	0
1893036	1	2	72	0	0	1	0	0	0	0	1	0	0	0	0	0	0	0	0	0	0	0	0	0	0	1	0
1901304	1	1	75	2	1	1	0	2	1	0	0	0	1	0	0	0	0	0	1	1	0	1	0	0	1	0	1
1910854	1	1	72	1	0	1	0	1	1	0	0	1	0	0	0	0	0	0	1	2	0	0	0	0	0	0	0
1911687	1	1	43	0	1	0	1	1	1	1	0	0	1	1	1	0	0	NA	1	1	1	0	0	0	1	0	0
1913142	1	2	44	0	1	0	0	0	0	0	0	0	1	0	0	1	0	1	NA	1	0	0	0	0	1	0	0
1913919	1	2	47	0	1	0	1	0	2	1	0	0	1	1	1	0	0	1	0	1	1	0	0	0	1	1	1
1914136	1	1	80	0	1	0	0	1	1	0	0	0	1	1	0	0	0	1	0	1	0	1	0	0	1	0	0
1914973	1	2	68	0	0	2	0	1	1	2	0	0	1	2	2	0	0	1	1	0	0	0	0	1	0	0	0
1915467	1	1	88	1	1	0	0	0	0	0	0	0	0	0	0	1	0	1	1	1	0	0	1	1	0	0	0
1918517	1	2	77	0	0	0	0	1	0	1	0	0	0	0	0	0	0	0	1	0	0	0	0	0	0	0	1
1927637	1	1	61	2	1	NA	1	2	0	1	0	0	0	1	0	0	0	1	0	1	1	0	1	0	0	0	1
1927741	1	1	56	0	1	1	0	1	1	0	0	0	0	0	0	0	0	1	0	0	0	0	0	NA	0	1	0
1930732	1	1	48	0	1	1	0	1	0	0	0	0	1	2	1	0	0	0	0	1	0	0	0	0	1	0	0
1938619	1	1	41	0	0	1	0	0	0	0	0	0	0	1	0	0	0	0	0	0	0	0	0	0	0	0	1
1949513	1	2	68	0	1	0	0	0	0	0	0	1	0	1	1	0	0	0	0	2	0	0	0	1	0	1	1
1955243	1	2	51	0	1	0	1	0	1	1	0	1	0	0	1	0	0	1	0	0	1	0	1	0	0	0	0
1961526	1	2	44	0	0	0	0	0	0	1	0	2	0	0	0	0	0	0	0	0	0	1	0	0	0	0	0
1962874	1	2	61	0	1	0	0	1	1	1	1	1	0	0	1	1	0	1	0	1	0	0	1	0	0	0	0
1966293	1	1	46	2	1	0	1	1	0	0	1	0	0	0	1	0	0	0	0	1	1	0	0	0	0	0	0
1972734	1	1	42	2	0	1	0	0	1	0	0	0	0	0	1	0	0	0	0	1	0	0	0	0	0	0	0
1984422	1	1	59	1	1	0	0	1	1	1	0	1	0	0	0	0	1	0	0	1	0	0	0	1	0	0	0
2000697	1	2	67	0	1	1	0	0	2	1	0	1	1	1	0	1	0	0	0	0	0	0	1	0	1	1	0
2001821	1	1	68	0	1	0	0	0	0	0	0	0	0	2	0	0	0	2	0	0	0	1	1	0	0	0	0
2002328	1	1	72	1	0	1	0	1	1	0	0	1	0	0	2	0	0	2	0	1	0	1	0	0	0	0	0
2005067	1	1	82	0	1	1	0	1	0	1	0	0	0	0	0	0	0	0	NA	0	0	0	0	0	0	1	0
2014194	1	1	47	2	1	0	1	2	0	0	1	0	0	0	0	0	0	2	0	0	1	0	0	1	0	0	0
2017737	1	1	54	1	1	0	1	1	0	0	1	1	0	0	1	0	0	0	0	2	1	0	0	1	0	1	1
2018712	1	1	79	2	1	1	0	0	0	1	0	1	0	0	0	1	0	0	0	1	0	0	1	0	0	0	1
2026767	1	1	47	0	1	2	1	1	0	0	0	0	0	0	0	0	0	0	0	2	1	0	0	0	0	1	0
2031457	1	1	51	0	1	0	0	1	0	1	1	0	1	0	0	0	0	0	0	1	0	0	0	1	2	2	1
2034826	1	2	49	0	1	0	0	0	0	0	1	0	1	1	1	0	0	1	1	2	0	0	0	0	1	1	0
2035704	1	1	65	0	1	1	0	1	1	0	0	0	1	2	1	0	0	1	1	0	0	0	0	1	1	0	0
2037139	1	2	73	0	1	1	0	1	1	1	0	1	0	0	0	0	0	1	1	0	0	0	0	0	0	0	0
2056852	1	1	61	0	1	0	0	1	1	0	0	0	0	0	1	0	0	0	0	1	0	0	0	0	0	0	0
2058368	1	2	63	0	1	0	0	1	0	0	1	0	1	1	1	0	0	1	1	0	0	0	0	0	1	1	0
2059005	1	2	69	0	1	0	0	0	1	0	0	1	0	0	0	0	0	2	0	1	0	0	2	0	0	1	1
2061820	1	2	44	0	1	1	1	1	1	0	1	0	0	0	0	0	0	0	0	0	1	0	1	0	0	0	0
2075971	1	2	77	0	0	0	0	1	0	1	1	0	1	0	0	0	0	1	0	1	0	0	0	0	1	0	0
2076024	1	2	50	0	0	0	0	1	0	0	0	2	0	0	0	0	0	0	0	0	0	0	0	0	0	1	0
2076201	1	2	41	0	1	2	1	1	0	1	0	1	0	0	1	0	0	0	1	0	1	0	0	0	0	1	0
2079904	1	2	31	0	0	0	0	1	0	0	0	0	0	1	0	1	0	NA	1	0	0	0	0	1	0	0	1
2080185	1	1	79	0	1	0	0	0	2	0	0	0	0	1	0	0	0	1	NA	0	0	0	0	1	0	1	0
2084120	1	1	68	1	0	1	0	0	0	1	1	0	0	2	1	0	0	1	0	1	0	1	0	1	0	0	0
2090404	1	1	73	0	0	0	0	1	0	0	0	0	0	1	0	0	1	1	0	1	0	1	0	1	0	0	0
2091546	1	1	55	1	1	0	1	0	1	1	0	1	0	2	0	0	0	0	0	0	1	0	0	1	0	0	0
2092625	1	2	53	0	1	1	1	1	0	0	0	0	0	2	0	0	0	1	1	1	1	0	0	0	0	0	0
2095297	1	2	50	0	0	0	0	1	1	0	0	0	0	1	0	0	0	0	0	0	0	0	0	0	0	0	0
2095481	1	1	62	0	1	0	1	0	1	1	0	1	0	1	0	0	0	0	1	1	1	0	0	1	0	1	1
2095606	1	2	71	0	1	0	0	1	0	0	0	0	0	0	1	1	0	0	1	0	0	0	0	1	0	0	1
2095648	1	2	77	0	1	0	1	1	1	0	0	0	1	0	1	0	0	NA	0	2	1	0	0	0	1	1	1
2097021	1	2	54	0	0	0	0	2	0	1	NA	0	0	0	1	0	0	2	1	1	0	0	0	0	0	0	0
2097024	1	1	74	1	0	0	1	1	0	1	1	1	1	0	0	0	0	0	1	1	1	1	1	0	1	1	0
2109460	1	2	57	0	0	0	0	1	0	0	0	0	0	0	1	1	0	0	NA	2	0	1	1	1	0	0	1
2114724	1	1	54	0	1	0	0	0	1	0	0	0	1	2	0	0	0	NA	0	0	0	0	0	1	0	1	0
2114904	1	1	60	2	1	0	0	1	1	0	1	0	0	1	0	0	0	0	NA	0	0	0	0	1	0	1	0
2119757	1	2	50	0	0	0	0	1	1	0	1	0	1	1	0	0	0	2	1	1	0	0	0	1	1	0	0
2124223	1	2	54	0	0	0	0	0	0	0	0	0	0	0	1	0	0	0	1	0	0	0	0	1	0	0	0
2125364	1	1	89	0	0	0	1	1	1	1	1	0	0	1	0	0	0	NA	1	1	1	0	0	0	0	0	0
2132517	1	2	37	0	1	0	0	0	0	0	0	1	1	0	0	0	0	NA	0	1	0	0	2	1	1	0	0
2137343	1	1	78	0	1	0	0	2	0	0	0	2	0	0	0	0	0	1	0	0	0	0	1	1	0	1	0
2138488	1	2	55	0	1	NA	0	0	1	0	0	0	0	0	1	0	0	2	0	0	0	0	1	1	0	1	1
2140672	1	2	67	0	0	0	0	0	0	1	NA	1	1	2	0	0	0	0	0	0	0	0	0	1	1	0	0
2140753	1	1	82	0	0	0	0	1	0	0	0	0	0	1	0	1	0	0	0	1	0	1	1	0	0	0	0
2144833	1	1	60	0	0	NA	1	0	0	0	0	0	0	1	1	0	0	2	1	1	1	0	2	1	1	0	0
2153815	1	1	76	0	0	0	0	0	1	0	1	1	0	1	0	0	0	0	0	1	0	1	0	0	1	2	0
2157414	1	1	64	0	1	0	1	2	0	0	1	1	0	0	0	0	0	1	0	1	1	0	0	1	0	1	0
2158074	1	1	60	1	0	0	0	0	0	1	0	0	1	2	1	0	0	NA	1	0	0	1	0	1	0	0	0
2161882	1	2	58	0	0	0	0	1	1	1	1	2	0	0	1	1	0	NA	0	0	0	0	1	0	0	0	1
2177787	1	2	50	0	0	0	1	0	1	0	1	0	2	0	0	0	0	0	1	0	1	0	0	0	2	2	1
2184543	1	1	58	0	0	0	1	1	1	0	0	0	1	0	0	0	0	2	0	0	1	0	0	0	1	0	0
2186057	1	2	46	0	0	0	0	2	1	1	0	1	0	1	1	0	0	0	0	2	0	0	0	1	0	0	0
2192349	1	1	69	1	1	0	2	1	0	1	0	0	2	0	1	0	0	1	0	1	2	0	0	1	1	0	0
2193265	1	1	64	1	0	0	1	0	1	0	NA	0	1	0	0	0	0	2	0	0	1	0	0	0	1	1	0
2194140	1	1	57	1	1	0	0	2	0	0	0	0	0	1	1	0	0	0	0	2	0	0	0	0	0	0	0
2197667	1	2	55	0	1	0	2	0	1	0	0	0	0	0	0	0	0	NA	0	0	2	0	0	0	0	1	0
2198457	1	1	60	0	1	0	1	1	1	1	0	0	1	1	1	0	0	0	0	1	1	0	0	0	1	0	0
2199280	1	1	54	0	0	0	0	1	0	1	1	1	0	1	1	0	0	1	0	0	0	1	1	0	0	2	0
2199522	1	1	59	0	0	1	1	2	0	1	0	1	1	0	0	1	0	1	1	0	1	0	1	1	1	0	1
2214149	1	2	29	0	1	1	0	0	1	0	0	0	1	0	0	0	0	1	0	1	0	0	0	0	0	1	0
2215854	1	1	55	1	0	0	0	0	0	0	NA	2	0	1	0	0	1	1	1	1	0	0	0	0	0	0	0
2216321	1	1	41	0	0	0	1	1	1	1	0	0	0	1	0	0	0	0	0	0	1	0	0	0	0	0	0
2216985	1	2	65	0	0	0	0	0	0	0	0	1	0	2	0	0	0	0	1	0	0	0	0	0	0	1	0
2221481	1	1	49	0	1	0	0	2	1	1	0	0	1	0	2	0	0	1	0	1	0	1	0	0	1	1	0
2229913	1	1	52	0	1	0	0	2	0	0	2	0	0	2	0	0	0	0	NA	0	0	0	0	1	0	0	0
2231499	1	1	53	0	1	1	0	1	1	0	0	1	0	0	1	0	0	0	1	0	0	1	0	1	0	0	0
2239746	1	2	44	0	0	1	0	1	0	1	1	0	0	1	1	0	0	NA	1	1	0	0	1	1	0	0	1
2245480	1	2	55	0	0	0	0	1	1	1	0	1	0	1	0	0	0	0	0	0	0	0	1	0	0	1	0
2252753	1	2	63	0	0	1	1	0	0	2	0	0	0	0	0	0	0	1	0	1	1	0	1	0	0	0	0
2253952	1	1	37	2	0	0	1	0	1	0	1	0	1	1	0	0	1	0	0	0	1	0	0	1	1	0	1
2260320	1	1	88	0	0	1	0	1	1	0	0	0	0	2	1	0	0	NA	1	0	0	0	0	0	0	0	0
2260363	1	1	83	0	1	0	0	1	1	1	0	0	0	0	1	0	0	2	0	1	0	0	0	1	0	0	1
2260463	1	2	62	0	0	0	0	0	1	1	0	0	0	0	0	0	0	0	0	1	0	0	0	1	0	0	1
2260832	1	2	65	0	1	0	0	1	2	0	0	1	0	0	0	0	0	1	0	0	0	0	0	0	0	0	1
2260928	1	1	86	0	0	1	0	0	1	0	0	1	0	1	0	0	0	0	1	0	0	0	1	1	0	1	0
2260930	1	1	85	0	1	0	0	0	0	0	1	0	0	1	0	0	0	0	0	0	0	1	1	0	0	0	0
2261026	1	1	85	1	1	1	0	1	0	1	1	0	0	0	0	0	0	2	1	1	0	0	0	0	0	1	0
2261492	1	1	83	0	0	NA	0	1	0	1	0	0	1	0	0	0	0	0	0	0	0	0	0	0	1	0	0
2261576	1	2	84	0	0	0	0	0	0	0	0	0	0	0	1	0	1	1	0	2	0	0	1	1	0	0	0
2261640	1	2	85	0	1	0	0	0	2	1	0	0	1	1	2	0	0	1	0	0	0	1	0	0	1	0	0
2264127	1	1	50	0	1	1	0	0	1	0	1	2	0	0	1	1	0	1	1	1	0	0	0	1	0	0	1
2264193	1	2	54	0	0	2	0	0	0	0	0	0	0	1	0	0	1	0	0	1	0	1	0	1	0	0	0
2264653	1	1	53	1	1	1	0	0	1	1	NA	1	0	2	0	0	0	1	1	0	0	0	0	0	0	0	1
2264729	1	2	55	0	0	0	1	0	0	0	0	0	0	1	0	1	1	1	0	1	1	0	0	0	0	1	0
2265051	1	1	57	2	1	NA	1	1	1	0	0	0	0	1	1	0	0	NA	0	0	1	0	0	1	0	0	1
2265627	1	2	60	0	0	1	0	2	0	0	0	1	1	1	0	1	0	0	1	1	0	0	1	1	1	0	0
2266318	1	1	50	0	0	0	0	0	1	0	1	1	1	0	0	0	0	1	0	0	0	1	0	1	1	0	0
2267237	1	2	51	0	1	0	1	1	1	0	0	1	1	2	1	1	0	1	0	1	1	0	0	0	1	0	0
2267293	1	2	46	0	0	0	0	0	1	0	0	1	1	1	1	0	0	1	0	0	0	0	0	0	1	0	0
2267318	1	1	57	0	1	0	0	0	0	2	0	0	0	0	1	0	0	1	0	1	0	1	1	0	0	0	0
2268152	1	2	52	0	1	2	0	0	1	0	1	0	1	2	2	0	0	0	0	1	0	0	1	0	1	0	0
2269134	1	2	48	0	0	1	0	0	0	0	0	0	0	1	1	0	0	0	0	0	0	0	1	1	0	0	0
2294893	1	1	53	1	0	0	0	2	0	0	NA	0	0	0	0	0	0	2	1	0	0	1	0	1	0	0	0
2295655	1	2	45	0	0	0	1	0	0	0	0	0	0	0	0	0	0	1	0	0	1	0	0	0	0	0	0
2302066	1	2	46	0	0	0	1	0	1	1	0	0	1	0	0	0	0	2	0	1	1	0	0	0	1	1	1
2304329	1	2	47	0	0	0	0	2	1	0	0	0	1	1	0	0	0	1	0	1	0	0	0	0	1	0	0
2304520	1	2	55	0	0	0	0	0	1	0	0	0	0	0	0	0	0	0	1	1	0	0	0	0	0	0	0
2305417	1	1	49	1	0	0	0	0	0	1	0	0	0	1	1	0	0	0	0	1	0	0	1	0	0	1	0
2315609	1	2	68	0	0	0	0	0	2	2	0	0	0	0	0	0	0	2	0	1	0	0	1	0	0	1	0
2319479	1	1	62	0	0	1	0	0	1	0	1	0	0	1	0	1	0	2	1	1	0	1	0	1	0	0	1
2320298	1	1	59	1	0	1	1	0	0	0	0	0	0	0	1	0	0	1	1	1	1	0	0	0	0	0	1
2322915	1	1	47	0	0	1	0	0	0	0	0	0	0	0	0	0	0	0	0	0	0	0	0	0	1	1	0
2324455	1	2	67	0	1	1	0	0	1	1	1	0	0	0	0	0	0	0	2	0	0	0	2	0	0	0	0
2332975	1	1	52	1	1	NA	0	1	2	1	1	0	0	0	0	0	0	1	1	1	0	0	0	1	0	1	0
2333864	1	1	55	0	0	0	1	1	0	1	1	2	1	1	1	0	0	0	0	1	1	0	0	1	0	0	0
2343475	1	2	70	0	1	0	1	1	1	1	0	1	1	0	0	1	0	1	0	0	1	2	1	0	1	0	1
2344442	1	2	60	0	1	0	0	0	0	1	0	0	0	1	1	0	0	0	0	1	0	0	0	0	0	0	0
2348948	1	2	59	0	1	0	1	0	0	0	1	1	0	1	0	0	0	1	0	0	1	0	0	0	0	1	0
2349209	1	2	67	0	1	0	0	1	0	0	2	1	0	0	0	0	0	1	1	1	0	0	0	1	0	0	0
2351716	1	1	55	0	0	0	0	1	0	0	0	2	0	1	1	0	0	0	0	1	0	0	0	0	0	1	1
2354386	1	1	78	0	1	0	0	0	0	0	1	1	0	1	1	0	0	2	0	0	0	0	0	1	0	0	0
2381683	1	2	35	0	1	1	0	0	1	1	0	1	0	0	1	0	0	0	1	0	0	0	0	1	0	0	1
2404004	1	2	54	0	0	1	0	2	0	0	1	2	0	0	0	0	0	NA	0	0	0	0	0	0	0	1	0
2411615	1	2	47	0	0	0	0	1	0	0	1	0	1	1	0	0	0	2	1	1	0	0	1	1	1	1	0
2411822	1	2	49	0	0	0	1	1	2	0	0	0	0	2	0	0	0	0	0	0	1	0	0	0	0	0	0
2412171	1	2	43	0	0	0	0	0	0	1	0	0	0	0	0	0	0	0	0	0	0	0	0	1	0	0	0
2423689	1	2	57	0	0	0	0	0	1	0	2	0	0	0	0	0	0	0	0	1	0	1	0	0	0	0	1
2428933	1	2	48	0	0	0	0	1	0	0	1	0	0	2	0	0	0	2	0	0	0	0	0	1	0	0	0
2433586	1	1	48	1	1	0	0	1	1	0	0	1	0	0	0	0	0	1	0	0	0	0	0	1	0	1	0
2448877	1	2	54	2	0	NA	0	1	0	1	0	0	0	0	0	0	0	0	1	1	0	0	1	1	0	0	0
2468182	1	1	53	0	0	0	0	2	1	1	0	0	0	1	1	0	0	0	0	2	0	0	0	0	0	1	0
2469293	1	2	63	0	0	0	1	1	1	0	NA	0	1	0	0	0	0	0	0	0	1	0	1	0	1	1	0
2470103	1	2	80	0	1	0	1	0	1	1	0	0	2	0	1	0	1	0	1	0	1	1	0	1	2	0	0
2476452	1	2	38	0	1	0	0	0	2	0	0	1	0	0	1	1	0	0	0	0	0	0	0	0	0	0	0
2479794	1	2	63	0	1	1	1	2	1	0	NA	0	1	0	0	0	0	1	0	1	1	0	0	0	1	0	0
2496900	0	2	52	0	0	1	0	0	2	0	0	0	1	1	1	0	0	0	0	0	0	0	0	1	1	1	0
2527828	0	1	78	0	0	1	0	1	1	0	0	0	0	1	0	0	0	1	0	1	0	0	0	1	0	1	0
2530508	0	2	56	0	0	0	0	1	1	0	1	0	0	1	0	0	0	0	2	0	0	0	0	1	0	0	0
2531060	0	1	37	2	0	1	2	1	0	0	0	0	0	0	0	0	0	0	0	0	1	0	NA	1	0	0	0
2542595	0	1	57	2	0	0	0	1	1	0	0	0	0	0	0	0	0	0	0	0	1	0	0	0	0	0	0
2560822	0	1	52	2	0	2	1	1	2	0	0	0	0	1	0	0	0	0	0	1	1	0	0	0	0	0	0
2560825	0	1	55	0	0	0	0	0	0	0	0	0	0	0	1	0	0	1	0	1	0	0	0	0	0	0	0
2564748	0	1	55	2	0	2	0	0	1	0	0	1	0	0	1	0	0	1	0	0	0	0	0	0	0	0	0
2566397	0	1	53	2	0	0	1	0	1	0	1	0	0	1	0	0	0	1	1	1	1	0	0	0	0	0	1
2569212	0	2	38	0	0	0	0	0	0	0	0	0	0	1	0	0	0	2	1	0	0	0	0	1	NA	0	0
2569672	0	1	56	0	0	0	1	1	1	0	0	1	0	1	0	0	0	1	0	0	1	0	0	0	0	0	1
2569863	0	2	43	0	0	0	0	0	1	0	0	0	0	2	0	0	0	2	0	0	0	0	0	0	0	1	0
2570057	0	1	54	0	0	0	0	0	2	1	0	0	0	1	0	0	0	NA	0	1	0	0	0	0	0	1	0
2570064	0	2	33	0	0	0	2	2	0	0	1	0	1	1	0	0	0	NA	0	1	2	0	0	0	1	0	1
2570068	0	2	40	0	0	0	0	0	1	0	1	1	0	1	0	0	0	0	0	0	0	0	1	1	0	0	0
2570069	0	1	47	2	0	0	0	1	0	0	0	0	0	1	1	0	0	0	0	1	0	0	0	0	0	0	0
2572352	0	2	54	0	0	1	0	0	0	0	0	0	0	1	0	0	0	1	0	0	0	0	0	NA	0	0	0
2572353	0	2	51	0	0	1	1	0	1	0	0	1	0	0	0	0	0	NA	0	1	1	0	0	0	0	1	0
2575723	0	1	41	0	0	0	1	0	0	1	0	0	0	0	0	0	0	0	0	0	1	0	0	0	0	0	0
2575836	0	2	48	0	0	NA	0	1	1	0	0	1	0	1	0	0	0	0	1	2	0	0	0	0	0	0	0
2575842	0	2	35	0	0	0	0	1	0	0	1	0	0	0	1	0	0	0	1	0	0	0	0	0	0	0	0
2577003	0	1	73	0	0	1	0	0	0	1	0	0	0	1	2	0	1	0	0	0	0	0	0	0	0	0	0
2577758	0	2	40	0	0	0	1	1	1	0	0	0	0	0	1	0	0	0	1	1	1	0	0	0	0	0	0
2577837	0	2	44	0	0	0	0	1	0	0	0	0	1	2	1	0	0	0	0	0	0	1	0	0	1	0	0
2577886	0	1	65	0	0	0	0	0	2	0	0	0	0	0	0	0	0	0	0	1	0	0	0	1	0	0	0
2577900	0	2	67	0	0	0	1	0	1	0	0	0	0	1	1	0	0	0	0	0	1	0	0	1	0	1	0
2578011	0	2	41	0	0	1	1	1	2	0	1	1	0	1	0	0	0	0	0	0	1	0	0	0	0	0	0
2578971	0	2	57	0	0	0	0	1	1	1	0	1	1	2	0	1	0	0	0	0	0	0	0	1	1	0	0
2579157	0	1	59	0	0	1	0	1	0	0	0	0	0	1	1	0	0	0	0	0	0	0	0	0	0	0	0
2579379	0	1	86	0	0	0	1	0	0	0	0	0	0	1	0	0	0	2	1	1	1	0	0	0	0	0	0
2579380	0	2	80	0	0	0	1	1	1	0	0	0	0	1	0	0	0	NA	0	2	1	0	1	0	0	0	1
2579394	0	1	72	2	0	1	1	0	2	0	NA	0	1	1	1	0	0	1	1	1	1	0	0	0	1	0	0
2579395	0	1	87	0	0	0	0	0	0	0	0	0	0	1	0	0	0	0	0	0	0	0	1	0	0	1	0
2579415	0	2	52	0	0	2	0	2	0	0	0	0	0	2	1	0	0	0	0	1	0	0	1	0	0	0	0
2579423	0	1	50	0	0	0	1	1	2	1	1	0	0	0	0	0	0	0	0	1	1	0	0	0	0	1	0
2579463	0	1	49	0	0	1	2	2	1	1	0	0	0	2	2	0	0	0	0	1	2	0	0	0	0	1	0
2581315	0	1	56	2	0	1	0	1	0	0	0	0	0	0	1	0	0	NA	0	0	0	0	1	1	0	0	0
2584324	0	1	47	0	0	0	1	1	1	1	0	0	1	0	0	0	0	2	1	0	1	0	1	0	1	0	0
2587307	0	2	56	0	0	2	0	0	2	0	0	1	0	0	1	0	0	2	0	0	0	0	0	0	0	1	0
2587363	0	2	46	0	0	0	0	0	1	0	0	0	1	0	0	0	0	0	0	0	0	0	0	1	1	0	0
2596455	0	2	37	0	0	0	1	1	2	0	0	1	0	0	1	0	0	NA	0	2	1	0	0	0	0	1	0
2596456	0	2	56	0	0	0	0	0	0	0	0	1	1	1	0	0	0	1	0	0	0	0	1	1	1	0	0
2596503	0	2	56	0	0	0	0	0	0	0	0	0	0	1	1	0	0	1	1	0	0	0	0	0	0	0	0
2596511	0	1	49	0	0	0	1	1	0	0	0	0	0	1	0	0	0	0	0	1	1	0	0	0	0	0	0
2596704	0	1	51	2	0	0	0	1	2	2	0	0	1	0	0	0	0	0	0	0	0	0	0	0	1	0	0
2597107	0	1	45	0	0	1	1	0	0	0	0	0	0	0	0	0	0	0	0	1	1	0	NA	1	0	0	0
2597143	0	1	49	1	0	1	0	0	0	0	0	0	0	0	1	0	0	NA	0	0	0	0	0	0	0	1	0
2597227	0	1	65	0	0	2	1	1	0	0	1	0	0	1	1	0	0	0	0	0	1	0	0	0	0	1	0
2597485	0	1	69	0	0	0	2	1	1	0	0	0	0	1	1	0	0	0	0	1	2	0	1	NA	0	1	0
2598961	0	2	54	0	0	1	1	0	0	0	0	1	0	1	1	0	0	0	0	0	1	0	0	0	0	1	0
2599011	0	1	45	2	0	0	1	1	1	0	1	1	0	1	1	0	0	1	0	0	1	0	0	0	0	0	0
2599116	0	1	55	2	0	0	0	0	0	0	0	0	0	1	0	0	0	0	0	0	0	0	0	0	0	0	0
2599207	0	1	47	2	0	0	1	0	0	0	0	0	2	0	0	0	1	1	0	0	1	0	0	1	2	0	0
2599390	0	1	73	0	0	0	0	1	1	1	0	0	0	1	0	0	1	0	0	1	0	0	1	1	0	1	0
2600082	0	2	57	0	0	0	1	0	1	1	0	0	0	1	0	0	0	0	0	0	1	1	0	1	0	0	0
2600106	0	1	54	2	0	1	0	0	1	2	0	0	1	0	0	0	0	0	0	1	0	0	0	0	1	0	0
2601800	0	2	69	0	0	0	0	0	2	1	0	1	1	1	0	0	0	1	0	1	0	1	0	0	1	0	0
2605531	0	2	37	0	0	1	2	0	0	0	0	0	0	0	0	0	1	0	0	0	2	0	0	NA	0	0	0
2606177	0	1	55	2	0	0	0	0	0	0	0	0	1	0	1	0	0	1	0	1	0	0	0	0	0	0	1
2606209	0	2	61	0	0	2	0	0	0	0	0	0	0	0	1	0	0	0	0	0	0	0	0	0	0	0	0
2606211	0	2	40	0	0	0	0	0	0	0	0	1	0	0	1	0	0	0	0	0	0	0	0	1	0	0	0
2606338	0	1	55	1	0	1	1	0	0	0	0	0	0	0	1	0	0	1	0	2	1	0	0	0	0	0	0
2606870	0	2	41	0	0	1	1	1	1	1	0	0	0	0	1	0	0	0	0	0	1	0	0	1	0	0	0
2606871	0	1	46	1	0	0	1	2	1	1	0	0	1	1	0	0	NA	2	0	1	1	0	0	0	1	0	0
2606912	0	2	48	2	0	0	0	1	1	0	0	0	0	0	0	0	0	1	0	0	0	0	0	1	0	0	0
2607948	0	2	46	0	0	0	0	1	0	0	0	0	0	0	1	1	0	0	0	1	0	0	0	1	1	0	0
2607975	0	1	60	0	0	0	0	1	1	0	0	0	0	1	0	0	0	0	1	0	0	0	0	1	0	2	0
2607976	0	2	58	0	0	2	0	1	0	1	0	0	0	1	0	0	0	2	0	0	0	0	0	0	0	1	0
2608041	0	1	56	0	0	0	0	0	0	1	0	0	0	0	0	2	0	0	0	1	0	0	0	0	0	0	0
2608103	0	1	55	2	0	1	1	0	2	0	0	0	1	1	0	0	0	1	0	1	1	0	0	0	1	0	0
2609170	0	1	44	2	0	2	0	0	0	0	1	0	0	1	2	0	0	0	1	0	0	0	0	1	0	1	1
2609410	0	2	46	0	0	0	1	1	1	0	0	0	0	0	0	0	0	1	0	0	1	0	0	0	0	0	1
2609521	0	2	56	0	0	1	1	2	1	0	0	0	0	1	1	0	0	0	0	1	1	1	0	0	0	0	0
2609533	0	2	50	0	0	0	0	1	0	1	0	0	1	1	1	0	0	NA	1	0	0	0	0	0	0	0	0
2609953	0	1	61	0	0	0	1	0	1	0	0	0	0	0	0	1	0	1	0	0	1	0	0	0	0	0	0
2611774	0	2	64	0	0	2	0	1	2	1	0	2	1	0	0	0	0	2	0	0	0	0	0	0	1	0	1
2612867	0	2	55	0	0	0	0	1	2	1	0	0	0	0	0	0	0	1	0	1	0	0	0	0	0	0	0
2612900	0	2	58	0	0	0	0	0	0	0	0	1	0	0	0	0	0	1	0	0	0	0	0	0	0	0	0
2612947	0	2	55	0	0	0	1	1	1	1	0	0	1	1	0	0	0	1	0	0	1	0	0	0	0	0	0
2612960	0	2	57	0	0	0	0	0	0	0	1	2	0	0	0	0	0	0	0	1	0	0	0	1	0	0	0
2613492	0	1	51	2	0	1	2	0	1	1	0	0	0	0	0	0	0	0	1	1	2	0	0	0	0	0	0
2613527	0	2	43	0	0	1	1	1	0	0	0	0	0	1	0	0	0	0	1	1	1	0	0	0	0	0	0
2613588	0	1	49	0	0	1	0	1	1	0	0	0	0	1	0	0	0	1	0	0	0	0	0	0	0	0	0
2613659	0	1	53	0	0	1	1	0	1	0	0	0	0	2	1	0	0	2	0	0	1	0	0	0	0	0	0
2613689	0	2	57	0	0	NA	0	0	2	0	0	0	0	1	1	0	0	0	1	0	0	0	0	1	0	0	0
2613702	0	2	66	0	0	0	0	0	0	0	0	0	0	0	0	0	0	1	0	0	0	1	0	0	0	0	0
2613720	0	2	53	0	0	0	0	0	0	0	NA	0	0	2	1	0	0	2	0	0	0	0	0	0	0	0	0
2613775	0	1	47	0	0	1	0	1	0	0	0	0	0	1	0	0	0	0	1	0	0	0	0	0	1	0	0
2614065	0	1	64	0	0	1	1	0	0	0	0	0	0	1	0	0	0	2	0	0	1	0	0	0	0	0	0
2614815	0	1	58	0	0	1	1	0	2	0	0	0	0	0	0	0	0	0	0	0	1	0	0	1	1	0	0
2614846	0	1	45	2	0	1	0	1	1	0	1	1	1	1	1	0	0	0	0	0	0	0	0	0	1	1	0
2614862	0	2	47	0	0	0	1	1	0	1	0	2	0	0	0	0	0	0	1	0	1	0	0	0	0	0	0
2614865	0	2	47	0	0	0	1	0	2	0	0	0	0	0	0	0	0	2	0	0	1	0	0	0	0	1	0
2615325	0	2	43	0	0	0	0	1	2	0	0	0	1	0	0	0	0	1	0	0	0	0	1	0	1	0	0
2615417	0	1	51	0	0	0	1	1	0	0	0	1	1	1	1	0	0	1	0	1	1	0	0	0	1	0	0
2615600	0	2	47	0	0	0	0	0	2	0	0	0	0	1	0	1	0	2	0	1	0	0	1	0	0	0	0
2615687	0	1	48	2	0	NA	0	0	0	0	1	1	0	2	0	0	0	0	0	0	0	0	1	0	0	1	0
2616260	0	2	50	0	0	1	0	0	2	0	0	1	0	0	1	0	0	0	1	0	0	0	1	0	0	0	0
2616821	0	1	47	0	0	NA	0	0	0	0	0	0	0	0	0	0	0	0	1	0	0	0	0	0	0	0	0
2616824	0	1	60	0	0	0	0	0	1	0	0	0	0	2	0	0	0	1	1	1	0	0	0	0	0	0	0
2616827	0	1	67	0	0	1	1	1	0	0	0	0	0	0	1	0	1	0	0	0	1	0	0	0	0	0	0
2616897	0	2	48	0	0	1	1	1	2	0	0	0	0	1	0	0	0	0	0	0	1	0	0	0	0	0	0
2617077	0	2	59	0	0	0	1	1	0	0	0	0	0	0	0	0	0	1	0	0	1	0	0	1	0	0	0
2617124	0	2	57	0	0	1	1	1	0	0	NA	0	0	0	0	0	0	0	1	0	1	0	1	0	0	0	0
2617182	0	2	50	0	0	1	1	0	0	0	0	0	1	1	1	0	0	0	0	2	1	1	0	0	1	0	0
2617196	0	2	53	0	0	0	0	1	2	0	0	0	1	0	0	0	0	1	0	0	0	0	1	0	1	1	0
2617222	0	2	57	0	0	0	0	0	1	1	0	0	1	1	0	0	0	0	0	0	0	0	0	1	0	0	0
2617246	0	2	43	0	0	1	1	0	0	0	0	0	0	0	1	0	0	0	0	1	1	0	0	0	0	0	0
2618083	0	1	44	2	0	1	2	0	2	0	0	0	0	0	0	0	0	1	0	1	1	0	0	0	0	0	0
2618090	0	2	52	0	0	0	0	0	0	0	1	0	1	0	0	0	0	NA	0	1	0	0	1	0	1	1	0
2618133	0	2	56	0	0	NA	0	0	1	2	1	0	0	1	1	0	1	1	0	0	0	0	0	0	0	0	0
2619088	0	2	57	0	0	0	2	1	1	0	1	0	0	0	0	0	0	0	0	0	2	0	1	0	0	0	1
2619142	0	1	55	0	0	1	1	0	0	0	0	0	0	2	1	0	0	NA	1	0	1	0	0	0	0	0	0
2619157	0	1	55	2	0	0	0	1	1	1	0	0	0	1	0	0	0	0	0	0	0	0	0	0	0	0	0
2619165	0	1	51	0	0	1	1	1	1	0	1	0	0	1	0	0	0	0	0	0	1	0	0	0	0	0	0
2619185	0	2	51	0	0	1	0	0	0	0	0	0	1	1	0	0	0	1	0	0	0	0	0	0	1	0	0
2619303	0	1	53	0	0	NA	1	0	1	1	NA	0	0	0	1	0	0	1	0	0	1	0	1	0	0	0	0
2619342	0	2	46	0	0	1	0	1	1	0	0	0	0	0	1	0	0	1	0	1	0	0	0	1	0	0	0
2619637	0	2	67	0	0	0	0	1	0	0	0	1	0	1	0	0	0	0	1	0	0	0	1	1	0	0	0
2619736	0	2	54	0	0	NA	1	1	0	0	0	0	0	0	0	0	0	0	0	1	1	0	0	0	0	0	0
2619766	0	2	57	0	0	1	0	1	2	0	0	0	0	1	1	0	0	0	0	0	0	0	0	0	0	1	0
2619862	0	1	52	0	0	0	1	1	0	1	0	0	0	1	0	0	0	0	0	0	1	0	0	0	0	0	0
2619904	0	2	49	0	0	2	2	0	0	0	1	0	0	1	0	0	0	0	0	2	1	0	0	0	0	1	0
2619933	0	2	60	0	0	1	0	1	0	0	0	0	1	1	0	0	0	0	1	0	0	0	0	0	1	0	1
2619953	0	2	46	0	0	1	0	0	0	0	0	0	0	1	0	0	0	NA	0	0	0	0	0	0	0	0	0
2619970	0	1	57	2	0	1	2	1	1	1	0	1	0	1	0	1	0	0	0	1	2	0	0	0	0	0	1
2619974	0	2	56	0	0	1	0	1	1	0	0	0	0	2	0	0	0	0	0	0	0	0	0	0	0	0	0
2620029	0	2	64	0	0	2	1	0	0	0	0	0	1	0	0	0	0	0	0	1	1	0	0	0	1	0	0
2620048	0	2	49	0	0	0	0	1	1	1	1	0	0	0	0	0	0	0	0	1	0	1	0	0	0	0	0
2620269	0	2	49	0	0	1	0	0	1	0	0	0	0	2	1	0	0	NA	0	1	0	0	0	0	0	0	0
2620398	0	2	66	0	0	0	0	1	0	1	0	0	0	1	0	0	0	1	1	0	0	0	1	0	0	0	0
2620560	0	2	59	0	0	0	0	0	2	1	1	0	1	0	0	0	0	0	1	0	0	0	0	0	1	0	0
2620798	0	1	53	0	0	1	0	1	0	0	1	0	0	0	0	0	0	1	0	0	0	0	0	0	0	0	0
2620818	0	1	67	2	0	2	0	0	0	0	0	1	0	0	0	0	0	NA	0	0	0	0	2	0	0	0	0
2621075	0	2	64	0	0	0	0	1	0	1	0	1	0	0	0	0	0	0	0	1	0	1	0	0	0	0	0
2621285	0	2	82	0	0	2	1	0	1	0	0	0	0	1	0	0	0	1	0	1	1	0	0	0	0	0	0
2621365	0	1	77	2	0	0	0	1	0	0	0	0	1	1	1	0	0	0	0	0	0	0	0	0	1	1	0
2621377	0	1	81	0	0	1	0	1	1	0	0	0	0	0	0	0	0	2	0	0	0	0	NA	0	0	0	0
2621392	0	1	88	0	0	0	1	1	0	0	0	0	0	1	0	0	0	1	1	0	1	0	0	0	0	0	0
2621430	0	1	76	1	0	0	0	0	2	1	1	1	0	0	0	0	0	NA	0	0	0	0	0	0	0	0	0
2621513	0	2	49	0	0	0	1	0	0	0	0	0	0	0	1	0	0	1	0	0	1	0	1	0	0	0	0
2621523	0	2	56	0	0	0	2	1	1	0	0	0	0	0	1	0	0	1	0	0	2	0	0	0	0	0	0
2621777	0	2	57	0	0	1	0	0	1	0	0	0	0	0	0	0	0	0	0	0	0	0	0	0	0	0	0
2621779	0	2	52	0	0	1	0	1	0	0	NA	0	0	1	1	0	0	0	0	0	0	0	0	0	0	0	1
2622957	0	2	58	0	0	0	1	0	1	0	0	0	0	1	1	0	0	1	0	2	1	0	0	0	0	1	0
2622986	0	1	65	1	0	1	0	0	1	0	0	0	1	2	0	0	0	1	0	0	0	0	0	0	1	0	0
2623114	0	1	71	0	0	1	1	1	1	1	NA	1	0	2	1	0	0	NA	1	0	1	0	0	0	0	0	0
2623539	0	1	52	0	0	1	1	0	1	0	1	0	0	1	0	0	0	1	0	1	1	0	0	0	0	0	0
2623669	0	2	62	0	0	2	1	0	1	0	1	0	1	1	1	0	1	2	0	0	1	0	0	0	1	0	0
2623832	0	1	75	1	0	2	0	0	1	0	0	0	1	0	0	0	0	0	0	1	0	0	0	0	0	0	0
2624112	0	2	43	0	0	0	0	0	1	1	0	0	0	2	0	0	0	0	0	1	0	0	0	1	0	0	1
2624130	0	2	56	0	0	0	0	1	1	0	1	1	1	0	0	0	0	1	0	0	0	0	2	0	1	0	0
2624236	0	1	69	2	0	0	0	0	2	0	0	1	1	0	0	0	0	1	0	0	0	0	0	0	1	0	0
2624545	0	2	68	0	0	0	0	2	2	1	0	0	0	1	2	0	0	1	0	1	0	0	0	0	0	0	0
2624574	0	2	62	0	0	NA	0	0	0	0	0	0	1	2	0	0	0	1	0	1	0	0	0	0	1	1	0
2624627	0	2	63	0	0	1	1	0	0	0	1	0	0	1	0	0	0	0	0	0	1	0	0	1	0	0	1
2625179	0	1	73	0	0	1	0	1	2	1	NA	0	1	0	0	0	0	1	1	0	0	0	0	1	1	0	0
2625538	0	2	52	0	0	0	1	1	0	1	0	1	0	0	1	1	1	2	1	0	1	0	0	0	0	0	0
2625862	0	2	52	2	0	1	0	0	0	0	0	0	0	1	2	0	0	0	0	0	0	0	0	0	0	0	0
2627114	0	2	52	0	0	1	2	1	2	0	0	0	0	1	0	0	0	2	0	0	2	0	0	0	0	0	1
2629447	0	2	67	0	0	1	0	1	2	2	0	0	0	2	0	0	0	1	0	0	0	0	0	0	0	0	0
2629465	0	2	51	0	0	0	0	1	1	1	0	0	0	0	0	0	0	1	0	1	0	0	1	0	0	0	0
2630237	0	2	60	0	0	0	0	2	0	0	0	0	0	1	0	0	0	1	0	0	0	0	0	1	0	0	0
2630274	0	2	63	1	0	0	1	0	1	1	0	0	1	1	1	0	0	0	0	1	1	0	0	0	1	0	0
2630382	0	2	66	0	0	0	1	1	1	0	0	0	0	2	1	0	0	0	1	0	1	0	0	0	0	1	0
2630478	0	1	59	0	0	0	1	1	2	1	1	0	0	1	2	0	1	1	0	1	1	0	0	0	0	0	0
2630491	0	2	53	0	0	0	1	1	1	0	0	0	0	0	0	0	0	0	0	1	1	0	0	0	0	1	0
2630507	0	2	53	0	0	0	0	0	1	2	0	0	1	0	0	0	0	0	0	0	0	0	2	0	1	0	0
2631766	0	1	76	0	0	0	2	1	1	1	NA	1	0	0	0	0	0	0	1	1	2	0	0	1	0	0	0
2631770	0	1	81	0	0	0	0	2	0	0	0	0	1	1	0	0	0	1	1	0	0	0	0	0	0	0	0
2631774	0	2	63	0	0	0	0	0	1	0	1	0	1	0	0	0	0	1	1	0	0	0	0	0	1	0	0
2631778	0	2	61	0	0	2	0	0	1	1	1	0	0	1	1	0	0	0	0	0	0	0	1	0	0	0	1
2631798	0	1	72	0	1	0	1	1	0	0	0	0	1	0	1	0	0	0	0	0	1	0	0	1	1	0	0
2631843	0	1	64	2	0	0	1	0	1	0	0	1	0	0	0	0	0	0	0	1	1	0	0	1	0	0	0
2632178	0	2	48	0	0	0	0	0	0	1	0	0	0	1	0	0	0	0	0	1	0	0	1	0	0	1	0
2632223	0	1	54	0	0	0	2	0	1	0	0	0	0	0	1	0	0	0	0	0	2	0	0	0	0	0	0
2632395	0	2	59	0	0	1	2	1	1	0	0	0	1	1	1	0	0	1	0	0	2	0	1	0	1	0	0
2632416	0	1	72	2	0	0	0	0	0	0	0	0	0	2	1	0	0	0	1	1	0	0	0	0	0	1	0
2632702	0	1	81	2	0	0	0	1	0	0	0	0	0	0	0	0	0	1	0	1	0	0	0	0	0	0	0
2632719	0	2	81	0	0	1	0	1	2	1	0	0	0	0	0	0	0	0	0	1	0	0	1	0	0	1	0
2632732	0	1	76	2	0	0	0	1	1	0	1	0	1	1	0	0	0	0	0	1	0	0	1	0	1	0	0
2632827	0	1	62	0	0	1	0	1	1	1	0	0	1	0	0	0	0	1	0	0	0	0	0	0	1	0	0
2633342	0	1	63	0	0	0	0	0	1	NA	0	0	0	1	0	0	0	0	1	0	0	0	1	1	0	0	0
2633570	0	1	89	0	0	1	0	1	0	0	0	0	0	1	0	0	0	1	0	0	0	0	1	1	0	0	0
2633651	0	2	85	0	0	1	0	0	2	0	0	1	1	0	1	0	0	0	0	0	0	0	0	1	1	0	0
2633668	0	1	75	0	0	1	0	1	2	1	0	1	0	1	1	0	0	NA	0	0	0	0	0	0	0	0	0
2633673	0	2	63	0	0	NA	0	0	1	1	0	0	0	0	0	0	0	1	0	1	0	0	0	0	0	0	0
2633722	0	1	77	1	0	NA	1	1	1	1	0	1	1	1	0	0	0	0	0	1	1	0	1	0	1	0	0
2634724	0	1	60	2	0	1	0	1	0	0	1	1	0	1	0	0	0	1	0	2	0	0	0	1	0	0	0
2635049	0	2	71	0	0	0	0	0	0	0	0	0	0	1	0	0	0	1	0	0	0	1	0	0	0	0	0
2635069	0	2	70	0	0	1	2	0	0	0	0	0	0	0	0	0	0	0	0	1	2	0	1	1	0	0	0
2635206	0	2	61	0	0	2	0	0	2	0	1	1	0	1	1	0	0	2	0	0	0	0	0	1	0	0	0
2635210	0	2	67	0	0	1	1	0	1	0	1	0	0	1	1	0	0	0	0	0	1	0	0	1	0	0	1
2635211	0	2	60	0	0	2	0	1	0	1	0	0	0	1	1	0	0	1	0	0	0	0	0	0	1	0	0
2635614	0	1	62	0	0	1	1	0	1	1	0	2	1	0	0	0	0	2	0	0	1	0	0	0	0	0	0
2636016	0	1	61	0	0	NA	0	0	1	0	0	0	0	0	0	0	0	1	0	1	0	0	0	1	1	0	0
2636339	0	2	61	0	0	1	0	0	2	1	0	0	0	0	2	0	0	1	1	0	0	0	0	1	0	0	0
2636475	0	1	81	1	0	0	2	0	1	0	0	0	0	1	0	0	0	1	0	2	2	1	0	0	0	0	0
2636479	0	1	69	2	0	0	0	0	1	0	0	0	0	0	1	0	0	NA	1	2	0	1	1	1	0	0	0
2639130	0	1	83	2	0	2	1	1	0	1	0	0	0	2	0	0	0	1	0	1	1	0	0	1	0	0	0
2640546	0	1	66	0	0	2	0	0	1	1	1	1	0	1	0	0	0	1	0	1	0	0	0	0	0	0	0
2640578	0	2	58	0	0	0	1	0	1	0	1	0	1	1	0	0	0	0	0	1	1	0	0	1	1	0	0
2641544	0	1	67	2	0	0	1	2	1	1	1	0	0	1	1	0	0	1	1	0	1	0	0	0	0	0	0
2641782	0	1	77	1	0	0	0	0	2	0	1	1	0	0	0	0	0	0	1	0	0	0	0	0	0	0	0
2642201	0	1	82	0	0	0	0	0	1	0	0	0	0	0	1	0	0	1	0	0	0	0	0	0	0	1	0
2642213	0	1	74	0	0	0	0	1	0	0	0	0	1	1	0	0	0	1	0	1	0	0	0	0	0	0	0
2642217	0	1	73	1	0	0	0	1	0	0	0	1	1	1	0	0	0	1	0	0	0	0	2	1	1	0	0
2642218	0	2	70	0	0	0	0	0	0	2	0	0	1	2	0	0	1	1	0	0	0	0	0	1	1	0	0
2642222	0	2	67	0	0	0	0	0	1	0	0	1	0	1	0	0	0	0	0	0	0	0	0	0	0	0	0
2642426	0	1	82	0	0	0	2	0	0	0	0	0	0	2	2	0	0	0	0	0	2	0	0	0	0	0	0
2642539	0	2	62	0	0	1	2	0	0	0	1	0	0	1	1	0	1	0	0	0	1	0	0	0	0	0	0
2643009	0	2	52	0	0	0	0	1	1	0	0	0	0	0	0	0	0	1	0	1	0	0	0	0	0	0	0
2643054	0	1	68	0	0	0	0	0	1	0	1	0	0	1	0	0	0	2	0	1	0	0	0	0	0	1	0
2643085	0	2	71	0	0	0	0	0	1	0	0	0	0	1	1	0	0	0	0	0	0	0	0	1	0	0	0
2643133	0	1	80	1	0	1	1	0	1	0	0	1	0	0	0	0	0	2	0	0	1	0	0	0	0	0	0
2643134	0	1	72	0	0	0	0	0	1	1	0	0	0	0	0	0	0	0	0	0	0	0	0	0	0	0	0
2643221	0	1	69	2	0	NA	1	1	0	1	0	0	0	0	1	0	0	0	0	0	1	0	1	0	0	0	0
2643912	0	2	75	0	0	0	0	1	1	1	0	0	0	2	1	0	0	1	1	1	0	0	1	0	0	0	0
2643918	0	2	65	0	0	0	1	1	1	2	0	1	0	0	0	0	0	0	0	0	1	0	0	1	0	0	1
2643920	0	2	64	0	0	2	0	0	0	1	0	0	0	1	1	0	1	NA	0	1	0	0	0	0	0	0	0
2643923	0	1	67	1	0	1	0	1	1	0	0	1	0	0	0	0	1	1	1	2	0	0	0	0	0	1	0
2643927	0	1	67	2	0	1	0	0	2	0	0	0	0	1	1	0	0	0	0	1	0	0	0	0	0	1	0
2645974	0	2	70	0	0	0	0	1	0	1	0	0	0	1	0	0	0	1	0	1	0	0	0	0	0	0	0
2648246	0	2	64	0	0	1	0	0	1	0	0	0	1	2	1	0	0	0	0	0	0	0	1	0	1	1	0
2648279	0	1	71	2	0	1	0	0	1	1	0	1	0	0	0	0	0	0	1	0	0	0	0	1	0	0	0
2648858	0	2	78	0	0	0	0	0	1	0	0	0	0	1	0	0	0	0	0	0	0	0	0	0	0	0	0
2649321	0	1	67	2	0	0	0	1	2	0	0	0	0	1	0	0	0	0	0	1	0	0	0	0	0	0	1
2650013	0	1	72	1	0	0	0	0	0	0	1	0	0	0	0	0	0	0	0	0	0	0	1	0	0	0	0
2674928	0	2	71	0	0	0	0	0	2	0	0	0	1	0	0	0	1	2	0	0	0	0	0	1	0	0	0
2677693	0	2	80	0	0	2	1	1	0	0	0	0	0	1	1	0	0	0	0	0	1	0	0	0	0	0	0
2743215	0	2	86	0	0	1	1	1	1	0	0	0	1	0	0	0	0	1	1	1	1	0	NA	1	1	0	0
2743248	0	2	82	0	0	1	1	2	0	0	0	0	0	1	1	0	0	2	0	2	1	0	1	0	0	1	0
2746869	0	2	69	0	0	0	1	1	1	0	0	0	0	1	1	0	0	2	0	0	1	0	0	1	0	1	1
2746872	0	2	66	0	0	0	0	2	2	0	0	0	1	1	1	0	0	1	0	1	0	0	0	0	1	0	0
2748340	0	1	82	0	0	0	0	0	1	0	0	0	0	1	0	0	0	0	NA	0	0	0	0	0	0	0	0
2748346	0	1	81	0	0	1	0	0	1	0	0	0	0	0	1	0	0	0	0	0	0	0	0	0	0	0	0
2748350	0	2	82	0	0	2	0	0	1	1	0	0	0	0	0	0	1	0	0	1	0	0	NA	0	0	0	0
2748367	0	1	83	0	0	0	1	0	0	0	0	0	1	1	0	0	0	0	1	0	1	0	1	0	1	0	0
2748381	0	1	78	2	0	0	0	0	1	0	1	1	1	1	1	0	0	NA	0	0	0	0	0	1	1	1	1
2748382	0	2	79	0	0	1	1	0	0	0	0	0	0	0	1	0	0	0	0	0	1	0	0	0	0	0	0
2748385	0	1	78	2	0	0	0	0	1	0	1	1	0	1	1	0	0	2	0	0	0	0	0	1	0	0	0
2748389	0	1	89	0	0	0	0	1	0	0	0	1	0	0	2	0	0	1	0	0	0	0	NA	0	0	0	0
2748395	0	2	81	0	0	0	0	0	1	0	0	1	0	0	0	0	0	2	0	0	0	0	0	0	0	0	0
2748404	0	2	76	0	0	2	1	0	1	0	1	0	1	2	0	0	0	NA	1	1	1	0	0	0	1	1	0
2748427	0	1	74	0	0	1	0	1	1	1	0	0	0	1	0	0	0	0	0	0	0	1	0	0	0	0	0
2748443	0	1	74	0	0	0	0	0	0	0	0	0	0	0	0	1	0	0	0	1	0	0	0	0	0	0	1
2749145	0	1	79	1	0	1	1	1	1	0	0	1	0	2	0	0	0	1	0	1	1	0	NA	1	0	0	0
2749148	0	2	73	0	0	0	1	2	2	0	0	0	0	1	1	0	1	2	0	1	1	1	NA	0	0	0	0
2749173	0	2	71	0	0	0	1	0	1	0	0	2	0	1	1	0	0	1	0	0	1	0	NA	0	0	0	0
2761900	0	2	86	0	0	1	1	0	0	0	0	0	0	1	0	0	0	0	0	0	1	0	NA	0	0	1	0